5
-69
60
-17
27
-5
86
-66
27
-41
60
13
7
39
-55
12
-86
-29
-47
-66
-83
36
4
1
26
-42
58
61
-2
65
42
63
85
31
-85
-50
-52
-41
-97
-2
19
92
36
23
11
-96
-92
9
-64
32
61
-19
-14
-34
-76
-98
83
-38
90
49
-17
77
73
3
-66
8
65
50
61
79
96
71
-11
70
-97
-97
15
4
-7
73
-6
-91
-91
-87
-70
-16
-63
42
-10
-72
-12
-94
51
1
-21
80
-69
-20
28
-83
-29
80
34
-79
-90
74
-91
-86
-13
-38
67
-40
32
6
48
-13
-43
-92
-55
-69
47
37
-38
-29
-76
-9
-95
-43
-24
50
-69
-43
28
-94
-77
-38
49
98
-59
13
-72
45
-73
-76
9
93
-40
8
-65
-26
-92
29
-51
2
-24
88
90
1
-68
80
-63
-94
-86
100
66
-60
-15
-63
-96
94
-53
-44
36
-11
13
28
-33
-91
89
60
-42
-35
92
-14
32
-34
-18
73
17
14
-41
-62
43
-46
14
-64
98
-58
5
8
72
-45
4
-8
9
-62
-41
86
10
36
-36
-58
-80
-100
-74
-36
-45
-80
-7
86
17
-68
-83
-40
12
0
88
-17
12
-97
-100
-63
-50
20
-67
-69
-71
84
18
4
63
-20
-10
81
77
23
-72
-93
34
-78
46
35
-99
-79
-70
-14
-91
-9
68
-49
-35
34
-14
-70
70
-94
54
65
48
-37
-57
-74
57
51
34
42
-44
-1
-8
55
12
-13
-91
33
-78
88
60
-53
-92
6
87
-27
-25
62
-50
66
-23
59
91
64
93
-9
-62
27
-14
87
-76
33
-84
71
-26
63
-60
77
77
62
99
-13
-91
-43
-12
-82
85
-77
28
-21
-6
-42
-13
-11
21
-11
9
-100
-10
-76
-79
-11
-97
-89
3
-77
69
-81
-84
-33
45
-3
21
-89
85
-3
21
-79
-44
-13
-99
-85
-84
55
98
-33
14
56
-89
-81
38
62
-98
89
-8
-39
-89
-10
22
-97
12
-64
-69
36
53
-61
-24
-51
71
58
83
-89
-50
10
25
-91
-52
78
9
-100
-88
-44
-33
45
89
80
26
61
-89
-73
19
54
-100
-88
91
79
55
15
74
63
-91
-84
-54
-33
74
47
-21
45
56
-53
-81
-41
97
47
-92
100
40
-2
-89
5
93
-1
-89
79
3
-42
-20
16
-62
-2
24
95
99
-19
-90
29
95
86
2
-72
-62
-41
18
70
42
21
-71
-77
-51
-66
75
80
-47
-84
-20
25
92
62
84
-1
82
81
-83
29
-77
-88
24
-33
82
-62
-98
9
-12
10
-74
27
18
-56
71
-52
-92
-75
-100
88
-21
-62
-90
24
72
-90
48
55
-50
50
62
-59
-49
73
-97
-34
93
51
39
-27
16
-85
60
74
82
-89
3
15
-23
-45
67
-69
12
11
54
-53
-42
97
-81
66
63
82
9
-64
70
83
72
-55
-45
61
3
40
-56
99
96
-45
-53
24
37
34
-64
-42
-80
70
-94
-71
65
75
-33
-89
92
75
-63
17
-6
30
81
68
3
-90
-49
45
95
38
71
7
50
-32
64
25
14
14
-93
26
14
-24
-42
-84
-35
-56
-26
64
-16
-21
-37
78
-76
-88
31
-37
25
-45
-51
72
-1
82
-64
11
86
27
-28
-28
88
-54
-12
-52
-81
48
-61
34
52
61
44
-59
-41
-29
74
4
-64
-92
42
-66
50
-19
61
91
5
58
50
64
5
-88
96
78
-55
55
54
-23
77
93
21
-60
-52
-41
-46
-14
-72
14
-78
-87
-62
48
-29
75
-18
82
73
89
-25
31
32
6
-100
-95
24
-39
63
-38
22
97
-79
-79
-48
-99
-63
60
-62
77
-91
-83
-43
-44
42
-63
17
95
-14
98
-84
-15
-86
-70
32
-34
-55
65
-70
-60
82
-76
14
-64
-55
54
31
99
45
46
-50
66
16
21
-47
76
77
-38
87
-44
10
29
-80
-95
28
99
-96
70
22
84
93
70
-46
63
19
-47
68
-24
-90
-47
2
25
-38
-96
-2
-76
-50
-63
19
-94
-53
92
-34
52
-72
42
67
66
-63
51
-84
-40
-80
-1
-27
52
89
-50
-83
70
-98
-16
-57
-50
100
98
84
42
79
77
39
-8
33
-75
73
-28
-19
37
-86
-36
-95
-10
36
-12
41
-49
-86
55
34
36
-11
69
-21
74
63
-58
-85
31
54
-26
-34
-57
-7
-12
-32
-1
80
76
2
-46
-24
-52
-25
41
-55
40
79
-4
-34
21
-77
-36
-44
12
94
-92
-22
75
52
91
19
33
-42
-66
35
-97
-76
15
7
-77
-1
59
-45
-66
1
-78
3
-86
22
58
-2
37
84
-35
-34
-7
-17
-1
68
93
62
68
74
-48
16
38
-83
-97
39
-65
85
-9
90
-37
-44
-82
-20
-86
-54
-32
1
84
2
-32
87
15
-79
49
57
-65
-4
89
-65
35
-73
-78
-48
-87
-10
95
83
-84
-2
-26
-93
-23
-24
54
-88
34
46
-7
43
52
88
-39
19
-82
29
-59
-29
91
56
55
64
53
-48
47
-57
-27
5
-74
-58
88
2
51
73
-82
-74
-18
-36
-32
-72
-75
49
-100
-21
35
-41
76
53
-43
-20
33
90
-24
-58
-94
47
-51
-28
-42
23
-20
96
84
-40
-9
-74
-62
41
-87
-75
51
-11
18
-99
6
71
86
28
-35
74
-77
-1
60
83
25
65
-96
98
83
44
4
12
37
-54
64
-78
59
84
80
58
53
20
-78
-61
-92
80
-4
45
36
90
-38
11
-24
-64
99
-57
32
90
10
-25
-37
61
19
83
33
-68
33
-29
-78
40
-18
87
91
22
-82
-66
-2
10
-1
-12
-5
-55
23
-37
-38
71
-52
-79
72
-70
3
-44
-60
-63
90
-30
-77
47
-86
-36
-53
47
-32
27
6
93
-31
45
-15
1
58
23
99
14
-32
-94
55
16
50
-72
69
-58
-62
-29
-39
-16
-56
-12
-39
-45
48
-23
29
-65
94
46
58
46
-96
27
66
-46
41
-79
5
61
73
-75
95
85
41
57
-40
-52
-33
37
1
-76
-6
-94
63
-5
-59
-76
52
100
70
-25
69
87
82
-84
-16
86
-67
21
-45
37
-67
74
60
-48
41
54
20
-13
5
92
2
-7
40
30
-83
-3
-60
-12
-96
60
-40
-50
93
51
1
-24
-88
99
-56
-17
39
-48
12
-89
86
26
75
-64
-23
-65
-79
87
-19
-28
72
-66
15
-13
-95
-73
40
60
-19
-22
17
3
99
-57
39
-45
-6
-98
-84
-85
69
85
-80
61
82
5
-39
26
-2
-60
39
-87
-70
74
61
-51
71
-9
-60
-22
41
5
92
-52
76
6
-87
-56
-40
2
-53
-16
-9
70
39
69
-10
60
-40
-39
27
-21
22
85
-65
-53
-73
55
-82
-91
33
69
17
-45
10
-58
84
16
-74
-4
-42
-64
-96
-45
-19
14
17
75
36
78
31
41
-33
99
12
-82
-42
47
17
68
-39
-79
21
-51
94
21
85
95
-16
48
-1
74
89
-80
28
95
77
98
-36
-37
-69
80
42
-99
50
1
-61
2
14
56
18
70
52
15
89
-47
61
14
-4
-31
47
-38
-19
2
8
10
-83
-38
-13
71
-93
-14
-31
39
46
2
20
67
-85
5
-96
-32
83
86
26
61
-99
-40
-12
-37
-93
-77
-81
1
51
-14
-3
-32
-41
-99
81
-19
-88
-86
59
-56
19
41
19
85
-37
-72
43
76
59
-9
10
84
-35
39
-33
93
-25
-5
81
-5
21
-95
63
-55
-6
-54
57
-84
37
32
89
-62
95
-41
55
-35
-85
-34
-86
36
27
13
-45
-67
-55
9
-80
57
-89
85
-26
48
-3
-59
-91
94
-82
32
50
-77
-64
43
-91
47
73
63
63
52
-85
-45
-59
39
91
68
-85
-14
-25
34
3
10
53
36
-24
-54
-43
-94
-72
-89
-8
-21
57
17
57
-90
-73
30
94
7
75
-18
24
-46
-95
48
98
9
73
70
-50
-60
58
-32
75
8
16
-99
78
-20
95
-13
-38
74
-8
40
27
60
-7
-88
68
45
-90
-89
57
-9
-14
63
63
-88
-62
-43
17
91
-2
63
9
12
12
-45
-69
80
59
-71
15
36
79
-97
90
-55
80
30
-21
-2
43
31
57
12
5
-93
-10
-90
56
-95
-95
-11
-94
70
70
-86
16
5
-87
76
61
7
-32
86
20
-44
-48
-4
-92
6
-15
-75
17
19
-47
46
83
-40
-41
41
72
94
3
-68
22
36
-62
-4
72
20
47
83
-31
-21
-84
45
-5
57
-10
-6
-85
59
59
-63
-25
10
43
-20
97
83
-64
-13
61
38
-45
-97
-6
-25
-50
32
43
93
-99
-55
39
-20
18
-22
-9
57
45
-76
84
75
6
66
-91
-85
-85
-3
-48
-71
-87
-31
-16
-38
96
0
26
-20
26
84
-11
-71
43
51
95
-74
-96
-81
-79
22
-82
75
-22
67
-26
94
-94
-78
-12
-61
-59
-87
28
-68
-40
-95
-57
-51
88
-59
-27
-36
-87
-56
-60
55
29
75
41
78
-89
82
52
95
2
-90
-29
-32
2
-55
50
-96
66
-76
-14
3
-35
-85
-16
-5
61
-77
15
-100
-3
13
-25
-62
-15
-1
-88
71
42
91
72
-12
-9
0
-60
98
39
37
-29
45
61
-8
10
-69
50
62
3
0
69
96
-32
-53
81
39
-96
65
33
95
-43
-10
-38
-91
-30
-98
-32
-9
-23
31
82
71
75
74
-58
19
-50
89
-68
70
41
48
-40
15
-53
51
0
39
91
-94
12
-28
65
-45
-38
2
35
-63
94
65
10
75
-67
-43
55
77
-21
-13
-12
5
-57
52
54
92
-88
4
-20
-94
31
40
95
95
4
-89
49
-97
-55
47
-40
-88
-46
19
51
81
68
47
-2
-25
62
51
91
-50
23
-13
-39
-95
84
-96
-57
-45
70
40
49
-13
-7
-92
48
18
63
95
62
31
-95
7
26
74
97
-28
-59
20
-7
95
20
32
-61
-24
83
-69
-66
-65
-49
31
-59
96
28
-94
37
-71
8
61
11
-3
-52
89
13
-99
48
-28
-6
5
22
-1
86
-89
4
-60
-76
-87
-77
81
61
94
70
94
57
85
-54
-43
39
99
44
-88
-82
75
-78
86
-47
62
-64
57
-18
-59
21
99
-25
-80
92
-95
-70
-35
81
-25
-95
50
-100
-32
58
-25
98
67
100
25
89
-20
78
-32
-76
48
-23
58
77
0
22
-92
6
39
92
-1
-33
22
-71
-69
-80
28
76
-48
-25
-84
-62
-36
16
-58
-48
-95
-28
-87
23
86
-47
86
86
33
50
45
-46
-47
-11
81
-12
44
73
-77
-88
-94
-1
60
69
25
-1
84
23
73
-91
65
-84
-63
-20
47
-45
-5
29
-47
39
-61
-51
76
-23
40
-15
-10
91
90
-18
76
-32
-60
94
99
94
71
-31
58
-31
-9
-2
-28
-64
2
-80
-24
29
43
-79
82
43
-78
10
-66
20
-13
-60
-33
76
38
-28
-80
-28
-41
47
-67
-16
-38
64
84
-33
-58
40
-98
-57
-70
-56
15
62
-40
68
47
-10
40
70
14
79
86
50
91
17
-13
-60
80
-13
-17
-12
36
-58
-53
-48
-79
-45
-42
10
-100
55
-24
-90
-88
-41
53
51
-55
-70
-9
8
-28
-60
11
-57
72
-26
-78
65
-1
51
11
11
-31
28
-67
-9
-56
-65
-48
32
-18
44
-89
-64
-9
83
-82
-42
72
-28
-42
-21
25
-41
-85
85
41
-27
42
71
-62
69
19
-82
30
27
-13
-5
5
-46
68
-71
-77
-40
-62
-13
-44
-63
52
64
-98
61
-35
-65
55
77
26
92
68
64
-13
22
17
84
86
-27
18
-2
8
-67
82
-32
5
18
-6
48
77
73
-73
-2
-83
44
-42
43
60
-76
-52
-5
88
-27
-33
-57
58
-20
12
87
-74
6
-42
79
26
-33
-87
-34
29
-79
13
-47
13
-49
33
27
-100
-34
-27
66
27
57
75
96
20
63
97
-72
88
-14
86
97
-52
56
-40
-80
80
-41
95
-59
-10
-62
-80
-74
-59
70
74
85
-7
94
76
42
-62
8
-90
-87
-11
63
51
44
22
33
56
-69
-43
65
-93
-59
26
22
88
-17
59
-49
-52
-58
93
2
43
1
1
-60
-30
53
-12
57
16
-36
90
-14
-10
27
51
0
-77
96
31
0
2
-5
-87
91
69
6
96
23
94
62
-58
0
21
64
49
96
-42
-24
-55
5
47
-23
100
31
-64
-23
-25
81
45
86
68
3
-79
99
-46
19
-100
-6
91
-95
80
-47
-90
33
77
-91
-70
-80
67
74
38
-28
86
-20
-49
77
-76
-90
67
95
18
-95
20
-87
-74
-12
93
-43
2
60
2
44
48
-56
-3
23
22
-11
-53
-8
34
48
-34
84
-65
-17
50
27
96
55
-75
-81
-43
34
-97
-23
-84
-45
-79
80
-80
51
-61
-73
27
96
-8
34
4
55
12
-54
41
6
-30
10
-9
19
61
-50
-46
-44
62
-96
-12
-23
-49
83
64
10
100
-99
-19
-46
-79
-52
-5
72
62
41
-79
-59
32
-35
29
-54
-40
-33
77
96
57
-65
-43
-59
33
7
43
-45
33
26
-20
58
-48
-17
-3
47
0
4
42
-49
-87
-38
-26
-69
41
-77
-74
-34
-24
26
54
85
74
6
85
-20
40
42
26
-56
-42
-62
-34
-21
94
4
5
-57
45
-92
6
-39
38
-20
-4
-36
-64
-43
52
-20
-64
-41
8
8
-2
-37
86
-22
-70
-38
-78
-18
-36
52
20
4
49
-6
56
23
50
-71
-62
-84
-72
63
63
86
20
-21
-16
13
58
59
32
-94
26
-48
-30
-85
-6
-80
-36
-72
-68
93
-82
-85
-65
24
-1
48
-64
88
-64
-92
-93
78
75
39
-55
99
-85
43
35
53
-50
-4
-3
3
-40
53
-24
93
71
58
-24
26
40
-91
-32
-1
97
92
55
24
27
-31
-25
-95
78
61
-16
39
84
99
54
4
-8
-36
-87
91
-85
-4
-19
-31
-18
0
100
84
21
-13
85
21
60
-37
-7
-64
-78
61
-77
-21
80
1
47
99
-19
-34
-36
-16
41
8
54
-28
-81
-95
36
63
-43
-21
15
12
-13
-6
-63
62
-87
61
-46
58
51
-18
9
6
1
26
92
53
92
86
77
-98
-52
-35
91
45
-36
-17
-67
-93
24
-38
-52
-27
-11
95
-49
-6
54
88
17
40
1
0
-54
93
-8
-4
-80
-1
88
32
85
-24
-66
-51
-35
62
-67
-45
70
-85
-78
-68
52
-27
-92
-83
-35
-62
11
-89
51
-83
1
-32
73
-90
21
-85
53
60
59
-9
66
-98
-49
39
5
31
76
66
-61
15
-84
-27
-68
3
-15
-26
91
-49
-94
-63
-100
28
37
9
21
-24
-50
-45
-75
-95
-69
-87
-53
-53
73
49
-2
-63
62
73
83
91
32
28
37
82
-82
-91
-46
-10
70
11
65
89
72
43
92
53
-89
68
77
39
-85
31
19
87
26
27
-44
84
48
8
-55
-31
-56
-34
48
-57
-99
-94
-18
-31
-75
-1
64
-85
49
14
-89
-27
6
23
32
-3
69
7
-92
-7
-13
72
-1
37
-74
-11
-47
-21
6
65
-80
-41
-39
-76
-13
-89
-87
-48
-47
-77
-26
56
65
20
-67
-80
-2
-16
98
71
-54
-55
19
48
-4
-33
-10
56
93
13
16
-97
10
-13
-100
45
47
52
60
-92
40
100
-51
73
-29
73
-88
51
51
63
48
-19
100
-75
-16
-55
61
-10
77
-35
-91
55
-65
-87
-13
8
-45
32
-81
-19
-14
14
98
-84
-2
36
-51
-96
-4
98
-29
24
-81
31
-30
83
13
-46
-37
-27
82
-90
-72
-95
-76
-80
19
35
-49
-57
-89
5
-19
78
-62
56
97
-65
-90
-70
-43
-47
99
-95
-75
-28
-14
-77
-58
-9
65
-32
-28
71
80
-15
56
99
10
-5
-39
97
13
-78
61
-43
17
33
-76
-65
61
88
49
-9
-86
-33
-88
42
19
94
17
-31
93
93
-49
78
-48
86
55
-43
20
-34
-68
18
-84
-97
-25
-96
-68
70
-44
2
-63
30
80
-56
77
55
46
-1
-5
-96
98
80
-42
54
-26
-56
-28
95
-32
93
46
-96
70
67
5
21
-1
-75
91
92
-19
91
21
33
-26
-64
63
44
88
75
11
14
-37
41
-74
-24
-99
-89
-9
73
47
-66
93
-52
-24
89
-55
23
81
83
-60
99
-86
8
44
52
93
35
-99
46
-49
-21
65
55
99
47
-76
-17
-93
98
-75
4
-40
26
71
62
28
68
6
13
65
-16
80
-61
30
-98
-69
37
79
27
39
-30
-39
13
16
45
7
-50
-53
14
81
-77
49
-24
8
-30
-73
-95
82
89
84
18
-84
44
8
-96
-56
-2
88
-46
68
-83
-51
73
-84
-30
-44
100
-47
-60
97
25
-52
-40
73
-4
-57
-68
-65
-35
43
-31
-2
67
53
61
83
-44
35
-39
81
50
89
71
-100
19
-24
51
9
-41
-17
-3
89
17
8
-60
59
-49
32
29
-64
-99
-2
-76
84
51
9
88
-33
-20
68
-51
-24
48
56
-1
-41
78
48
-96
-62
87
7
-49
11
69
61
75
83
8
39
-99
-88
71
-81
91
-44
-21
23
-79
-75
39
44
86
88
9
9
-34
-95
-87
-85
-6
-55
80
92
0
1
39
-25
83
43
-9
-40
26
22
18
37
48
-96
-34
-26
-40
58
94
-94
15
-69
21
-29
46
61
-59
7
-37
-55
25
5
4
-62
-31
36
-34
39
-69
-65
66
60
-5
49
-41
-46
39
-37
-84
-87
68
-68
-35
86
-7
94
-16
-61
82
-14
4
25
49
-71
61
68
-82
-50
32
60
32
-34
17
34
83
54
-5
31
40
-21
22
-50
6
9
-32
79
-31
77
47
-91
-38
-20
-70
-49
-48
55
-6
-79
-24
29
44
-64
74
-86
-55
1
97
-86
22
39
-3
-48
45
86
89
91
90
-52
-95
-30
-98
80
87
-24
-23
80
-78
-62
63
-60
-53
91
-18
-92
17
-66
40
65
0
-78
-35
-52
-19
29
98
-89
-71
-84
37
9
-13
71
-15
29
44
21
78
99
9
84
14
64
-96
-16
51
-58
29
-12
64
6
-4
-12
-60
97
-96
67
96
-24
-71
72
-20
-7
-50
97
-50
73
71
-53
-6
56
47
83
17
87
-81
-11
-12
35
31
67
-26
20
41
8
-73
-43
39
-95
-99
21
-54
50
-71
39
-70
-2
10
67
-59
1
-59
98
28
-16
30
-52
-30
57
79
5
81
60
8
-12
1
88
-68
-75
-6
46
-16
-17
55
59
6
-59
-36
-43
10
69
21
33
96
-34
14
13
-41
-39
-45
-77
-4
58
-16
33
44
89
-50
-69
81
26
40
-51
-26
29
52
8
-30
-21
47
-33
90
55
-87
78
94
-48
37
-16
9
-85
-20
-49
-85
-99
72
45
11
-60
48
17
-74
18
-24
91
67
-78
70
74
65
64
-93
-64
-64
-27
9
83
-41
-39
-51
-9
-58
15
22
-52
-20
-49
-71
-22
77
90
-63
-58
-5
65
-36
86
80
-25
-24
77
47
58
-11
52
28
-5
39
19
35
-43
60
-35
-24
87
79
-45
82
12
-53
86
-49
73
65
-86
66
-18
44
-95
72
61
95
34
-88
5
-99
-56
81
-73
76
51
-94
-14
-1
-31
92
65
-99
61
-94
57
35
-46
-32
-85
91
67
88
53
-97
-80
-84
30
-46
38
88
55
-50
93
-35
44
24
-58
-11
64
-73
21
37
-15
-32
62
-93
77
80
-82
21
-73
-78
-20
44
61
55
-39
42
88
48
-12
-98
52
36
10
9
15
-82
-62
-11
-8
-26
-100
85
97
-61
-20
77
-82
-61
-68
98
-63
85
13
-84
19
7
9
-22
88
49
8
51
93
-44
83
-44
7
-90
86
85
36
24
41
56
4
-4
-70
38
44
-42
33
-21
-95
66
20
23
83
-53
37
39
-28
58
80
-64
-7
-32
21
-59
-9
-33
-87
74
40
25
17
33
-93
46
62
-55
-1
-78
-11
-55
38
79
-73
32
47
12
77
62
13
97
-3
17
37
-3
63
-99
11
80
-60
17
-70
-10
84
21
-58
42
36
93
-55
19
-44
-31
15
0
-50
44
-41
60
-86
-74
66
-21
-39
-66
59
-80
-2
56
83
99
97
5
-20
-31
-89
-86
24
93
-61
-9
-62
-52
29
10
43
98
28
-4
-40
14
99
9
81
-80
-35
-85
-14
98
60
30
58
-57
39
11
-71
21
88
35
-81
43
-47
87
-93
8
-92
-68
76
-84
-36
71
7
-39
-81
68
-53
-4
40
71
59
37
-76
90
-44
82
-39
41
37
-98
71
-56
-8
16
-55
-31
46
-33
-80
-46
29
74
-6
36
46
2
-3
-97
-95
90
85
86
69
-56
65
-31
77
46
25
-66
-92
-19
-52
-92
63
100
61
34
38
7
-54
58
-10
23
-78
6
-31
-74
-84
23
33
-62
69
74
-6
3
-36
4
0
36
-69
24
5
-35
23
1
37
-76
29
-51
29
67
-22
95
-33
10
-19
78
-58
36
-36
32
1
41
-37
37
87
0
-33
-48
-31
-83
33
-79
83
-2
-89
-33
92
-53
0
76
-68
-54
24
4
-25
21
-86
49
89
-70
69
-73
47
79
-42
-85
-10
-38
-9
24
58
-17
28
63
79
87
-78
59
75
-81
30
100
19
3
-30
-100
85
55
82
23
6
58
-57
-66
-58
-62
-82
67
94
-32
73
23
10
-86
-49
-96
69
98
-85
-45
42
26
81
28
-88
20
-5
-63
6
-49
-16
33
-47
-72
64
-23
54
0
-31
-28
-48
73
7
23
88
27
-20
7
-24
-52
57
77
-19
-46
-20
66
-16
-61
24
40
-5
88
9
90
63
65
-100
59
40
-12
97
-8
14
-92
-71
-43
97
-48
31
32
71
-58
-59
41
-63
-21
-47
9
-26
70
-47
-83
21
-20
16
-71
-32
28
-100
85
25
24
-86
78
33
-24
-45
28
64
-53
-94
68
-66
40
-69
-61
-78
12
91
-71
16
-3
32
-14
43
9
-38
-13
10
-46
61
87
-12
-52
78
40
-81
-75
-18
-99
-86
-15
-26
-35
23
34
100
-8
-16
47
99
86
-37
38
53
87
-48
-99
28
-6
23
-24
51
-22
-20
-22
62
-48
94
-52
76
-84
79
-44
82
-37
-52
-20
-81
71
-87
36
22
2
41
-100
9
52
-60
-96
48
-3
-97
-79
-100
-8
-92
-64
-81
-74
94
-29
-22
64
-18
59
47
40
-18
-49
83
-16
-82
-65
-55
-6
38
16
-67
-2
-30
5
67
75
-38
-99
97
-6
-46
10
22
33
-80
17
77
7
-3
-14
44
89
-28
-71
-18
-48
1
-12
32
-46
91
73
-49
46
-22
57
66
80
-42
-65
47
-36
22
80
-57
-91
-91
-98
35
27
-72
62
-23
78
-85
-49
98
84
56
89
33
74
-64
-97
-33
-23
-83
-91
34
8
-24
-74
-29
-66
-33
-3
86
-34
69
69
24
57
-48
-14
1
86
-41
-95
38
14
79
-23
-95
21
-77
10
0
48
33
-39
-41
38
-15
-66
50
-15
74
-54
30
26
70
74
-79
16
-35
85
46
-37
-28
-15
-61
31
-85
-87
-77
92
-83
-57
-3
-68
58
93
24
-30
43
16
-4
45
-53
-91
-12
52
97
-97
25
-70
-9
9
-32
-73
-65
-70
-76
80
-65
31
58
47
-56
-25
-61
78
-69
-7
-21
-93
-39
-68
-48
48
41
-56
18
-2
76
-50
-11
17
58
57
-1
27
45
84
-33
58
34
41
-12
52
-55
-25
23
4
64
14
-59
45
-4
-100
29
45
87
-20
-98
-44
81
10
37
96
-59
-35
-82
62
6
-62
-70
58
-59
94
-40
39
30
48
39
-90
-62
41
50
-16
3
-32
77
-83
30
50
94
-89
-92
-39
-70
85
23
-40
64
39
-68
-56
-47
88
70
-1
57
34
-49
-61
64
3
-93
-86
-93
-66
-71
83
19
-41
-70
-86
85
-85
15
-95
39
-55
-98
69
-52
-30
-5
80
-43
-11
71
-61
-99
-3
50
-65
-30
-39
-17
27
61
58
43
50
-7
-45
-48
-47
9
-89
-94
-82
50
1
-86
73
-58
92
-21
-68
89
-92
56
-86
92
-5
70
80
-53
57
45
83
15
88
-2
-58
59
63
-32
-70
91
1
-27
30
-98
-80
-35
71
-61
42
-78
85
-90
-32
-33
94
19
-69
-14
53
-8
-95
30
12
-96
20
82
-51
83
25
-82
-28
-31
93
-39
-86
-5
7
-76
-28
-52
-76
-20
27
-55
-23
76
-31
59
36
8
-23
4
-83
-38
-93
69
30
-89
55
-3
14
-11
30
-22
-36
3
100
-39
10
98
21
-38
57
35
96
97
90
64
-56
32
-37
-27
97
-74
25
-99
-59
-68
-51
-27
-9
59
-52
71
-13
-82
-46
-25
51
50
58
16
60
100
-64
-57
81
-12
-60
-88
-22
-45
61
84
-67
56
100
-7
-29
-50
1
-5
46
86
-85
4
96
-12
8
-16
-22
-21
-9
69
50
26
64
-51
-15
79
-44
-17
-98
-46
77
-35
-70
-88
-31
71
-72
15
58
-61
28
6
67
22
42
-97
-5
62
96
68
-10
72
3
-61
-30
-85
26
63
58
-85
-40
88
7
62
76
5
-16
-65
96
42
17
-79
-73
15
21
-50
24
2
34
16
-66
36
66
43
52
34
27
-96
51
58
-66
-78
6
53
-28
-86
24
11
36
-80
95
-37
-19
55
-14
73
-20
57
90
-78
34
91
4
34
-46
56
-50
-77
99
-43
94
56
-53
-52
66
-63
89
-56
41
92
-54
-56
-99
46
29
-79
-29
99
92
48
39
-67
-33
-28
35
-100
39
100
-80
50
-60
-69
88
16
-48
-60
-100
21
14
62
76
-10
-53
-95
58
-18
79
92
60
-41
-77
-78
73
-30
95
27
-27
27
20
24
-73
-56
71
99
47
21
55
97
-91
-35
-32
-42
-70
53
22
-46
76
-49
-97
60
36
-9
3
-51
42
-87
31
14
-45
48
17
-86
61
96
15
50
-76
53
-24
-30
-63
23
-62
28
49
-21
-29
-41
36
-53
-42
78
59
-70
36
-38
3
-59
4
66
2
-32
16
-69
42
-10
88
42
57
-54
-55
51
-24
5
65
-73
80
84
-8
85
66
-76
33
70
-61
-66
53
-68
-28
-31
-60
-79
48
23
74
18
-90
-26
-35
-27
-61
49
90
95
-85
-52
63
-58
-52
-3
-79
-8
88
46
49
81
18
76
-15
-30
68
-74
-40
75
-70
68
64
-92
-52
67
-66
88
85
78
-62
100
83
91
4
-38
3
-48
96
97
-11
10
-77
71
20
-41
28
-61
-90
-49
-39
-43
-52
-73
27
3
-22
77
20
-13
-52
9
-37
16
-94
49
-94
60
-28
-50
24
-79
-25
-70
55
19
57
58
13
-58
-14
62
-78
74
-40
11
-99
1
-10
-15
-66
85
2
-46
55
43
-47
1
28
-36
-94
-73
-81
55
50
-72
-41
-37
39
69
16
84
-11
-17
74
-67
53
-82
-86
-38
-71
-45
68
-43
71
89
-89
5
-23
-64
95
-33
-32
53
2
86
15
-67
23
-20
-46
33
82
-10
-60
-17
-23
-56
-5
6
79
27
-3
-6
-19
65
97
81
76
-85
73
64
-13
-46
-96
-87
-74
-71
54
58
-34
21
-55
-43
43
-51
50
50
-88
18
97
-19
10
-58
-64
100
-92
94
3
-63
49
34
89
-91
-95
-68
-16
38
92
41
-86
-88
40
54
-5
-25
55
-93
72
-66
-37
26
14
-35
-95
-48
-5
-63
-86
-65
-34
14
-20
76
-8
13
-75
-16
90
-55
-15
85
14
-60
-81
-70
93
-29
-3
-19
-30
-8
9
-59
92
-60
100
11
-27
-94
92
20
46
33
-89
32
-64
67
-12
30
-4
-63
93
56
1
-1
1
62
-74
-26
-9
-17
-42
-35
-41
98
-43
-86
19
-57
-85
8
-42
36
-90
-35
45
85
87
43
80
57
20
73
28
64
95
36
-100
48
91
14
-62
79
-54
78
55
-43
-36
-22
-95
54
36
-94
49
0
93
99
6
13
45
33
-54
64
84
1
66
61
47
-34
41
-10
-66
35
-17
47
-36
71
-68
-95
-49
-78
-98
43
-85
76
39
4
19
97
94
-87
-67
-36
54
44
90
58
67
-81
-71
15
-37
37
-56
37
87
-52
-100
-47
39
-40
-62
66
69
-93
-95
84
-77
-43
16
54
59
18
-95
-88
-1
47
-50
-70
-88
-71
38
23
0
71
47
-49
100
75
91
-79
39
7
42
-55
67
28
65
83
20
89
43
-71
38
-70
-71
-31
24
-56
11
-23
-13
89
87
58
-51
-34
56
-63
-45
36
-6
60
-42
88
87
84
4
10
94
-26
93
-74
-43
82
82
0
54
-73
81
58
56
-83
93
-21
-95
70
-69
50
-33
-68
36
21
66
10
100
38
21
9
26
61
91
89
6
-31
58
-31
-49
-93
-78
-6
-92
60
-98
85
-79
16
-69
3
-56
31
-21
-100
-43
-84
32
-8
-85
-93
100
-37
90
8
92
-8
41
-47
-66
-57
-56
-38
56
-81
73
30
-49
51
94
25
68
-75
-69
46
-71
39
-29
89
18
95
64
-87
93
-34
75
-52
58
-54
-86
-55
61
-89
97
-80
30
6
46
97
65
-17
-58
58
12
5
-98
-9
-31
-51
-96
9
28
94
44
-97
87
35
48
94
24
-60
-21
-77
49
-25
-25
54
-69
-55
-62
49
16
-35
62
41
-3
29
-17
-59
73
9
-18
48
41
-25
24
42
-45
29
-74
-52
97
-15
-80
-98
43
-87
-77
-27
-3
55
-38
-46
88
53
7
-35
-18
-29
21
26
26
37
-100
-82
-95
-2
61
25
-19
-50
80
18
49
-81
-18
80
75
47
83
-51
30
-97
15
47
15
44
40
-94
55
15
24
36
10
88
57
54
-92
-1
40
-52
-98
9
8
-100
78
-9
95
-71
-84
72
-41
64
63
11
53
-6
-61
82
89
70
-56
13
67
57
43
75
-81
40
-4
-86
-25
10
-63
28
31
-31
-56
67
-73
70
-8
-80
32
-61
41
-28
80
-75
33
49
-34
98
-66
-24
69
-24
-12
-15
-9
67
90
49
-71
32
79
8
-13
-87
98
-63
-25
-99
-93
94
12
40
98
-93
73
21
-19
75
86
89
51
-76
-27
-43
91
-93
-46
34
27
-10
31
-99
28
-43
-64
63
-3
-30
-23
-14
-99
71
67
-48
71
-49
-25
81
69
26
87
-96
49
60
98
-2
63
-57
-75
15
52
-79
59
-2
-49
-64
-81
25
-88
96
29
37
-21
5
98
82
-94
37
-6
-63
24
26
64
-36
58
-80
-94
92
-73
-24
-26
-98
9
-70
86
-44
-37
30
-64
82
-21
45
-80
-36
40
13
-92
-25
-100
45
-30
8
36
25
65
-42
84
0
41
74
-98
-58
28
-31
71
-2
-81
21
70
1
-8
81
-64
86
92
-84
-88
-84
19
73
-47
-35
46
96
65
88
-69
-36
1
51
-86
-49
16
-1
69
42
45
81
-67
78
83
-13
-85
82
-83
45
-19
-80
-50
-94
92
42
-65
14
-14
-66
-35
14
26
72
23
-94
-25
34
60
-88
18
38
96
71
-65
89
-8
-98
-24
89
57
95
80
66
-75
-19
-61
95
-40
-98
97
24
-5
-30
-9
19
-68
59
4
64
58
-63
95
17
-3
84
55
50
-47
-13
45
89
-17
-60
-27
29
-79
22
55
65
65
-100
-25
-29
-77
-17
-12
79
12
73
-89
82
71
50
38
42
86
-65
18
11
-24
-39
-74
-23
56
22
87
-20
-77
41
-70
-66
-9
-43
-86
45
98
74
-99
57
-8
-23
100
-91
8
92
38
2
-57
83
-89
86
66
35
68
-82
52
14
74
6
-88
43
10
16
-77
-41
-47
53
80
-73
47
-13
-15
2
-56
66
8
-95
-26
75
-28
66
27
42
-43
96
-66
68
29
95
-100
-98
14
-20
25
-51
28
-90
91
65
52
77
80
84
-29
-72
3
85
-71
25
57
-11
11
-81
85
97
-92
-60
-48
-25
-17
-78
44
3
-35
32
-5
91
-40
-38
-15
-1
16
96
-2
3
-29
30
-39
88
-69
79
56
-80
36
23
-77
99
46
53
64
4
77
-53
96
-95
-15
57
-92
9
3
58
-96
19
20
17
-72
-37
-75
-5
8
-17
32
-28
80
6
-29
-68
0
91
-83
87
-100
86
29
98
-7
72
31
-18
-86
-11
-20
-46
84
97
-87
-53
-10
48
-18
-82
17
-37
62
-18
78
7
10
-88
85
58
-18
-78
-40
-13
-89
-23
9
-92
-66
48
-13
82
1
30
93
1
6
-76
84
72
7
-30
-1
-61
-52
-5
55
86
-31
-30
-63
-30
22
74
70
-63
-61
10
-21
28
-10
24
63
100
-84
-36
55
21
94
88
-6
-30
33
-90
-76
-8
-86
-90
6
21
-81
25
-56
65
-76
-68
-93
-56
-18
-97
4
54
6
-90
64
64
-72
-3
99
13
-55
-31
-23
-2
-39
-94
-75
-33
-45
-84
87
-99
-62
-97
-52
54
74
-46
51
21
-35
-43
13
-83
46
-82
-69
-74
-12
-51
82
49
-37
38
-87
-43
-33
12
52
-66
100
-18
88
-55
88
-65
31
84
75
-49
-8
97
-11
-1
76
-78
3
-82
-90
-44
-80
51
-31
-12
-69
-6
91
-85
38
10
60
-11
-78
-36
-35
-5
91
12
46
39
73
55
38
-79
-39
25
-69
-88
74
48
-70
58
-95
-15
33
64
-59
-81
-11
-86
-9
90
42
96
-85
38
6
-99
85
12
-76
42
-12
3
-36
28
-32
28
83
-94
-20
-37
99
-38
62
-42
19
-24
54
-25
0
53
0
78
94
-13
-24
-98
55
-82
50
46
70
55
43
58
51
-61
-73
-58
55
34
-94
-41
94
70
-75
85
-36
18
-47
-12
-43
51
50
-99
50
48
49
-75
-57
-24
26
-46
-26
18
90
71
93
-83
-84
-63
-42
54
46
92
-92
97
-38
-56
-1
-22
-23
-5
46
-61
92
70
74
-2
73
91
10
72
-21
-45
-88
95
-39
-51
66
-23
-100
21
0
-46
-1
50
-95
-66
13
-72
-72
-13
-40
52
-3
99
-23
70
-93
70
51
48
66
80
56
78
-82
37
-68
78
-85
-51
95
-52
-92
51
43
90
-33
-98
52
-90
-58
-45
75
16
-87
-40
99
100
38
82
19
11
88
-20
61
-99
-72
-36
10
-45
-74
16
79
51
90
-95
-10
-65
76
-48
76
-59
25
6
-96
22
81
-91
20
-33
-83
-58
10
-76
-40
83
49
-92
79
91
44
-95
88
-45
-54
-35
-2
-39
-85
-16
82
-38
14
45
9
54
16
47
-35
-73
-98
-66
-93
-46
-6
-10
-4
66
33
12
-86
15
-86
-52
-28
-86
34
12
-76
52
80
-31
75
82
-76
55
21
19
72
-14
66
80
92
-82
-59
-27
93
0
16
-67
63
-95
-79
54
69
61
-64
-67
73
-88
87
-34
-57
6
-28
37
7
50
13
-91
-54
-88
27
-67
-14
-58
31
87
-77
98
90
-18
-24
1
-22
91
11
-37
75
37
77
-69
94
-82
48
51
17
-96
96
79
25
-92
-62
-40
-81
-22
-50
-74
4
-29
77
-40
-60
3
-72
8
-72
-79
71
89
2
38
-72
-27
44
17
-65
27
-32
6
-74
-27
21
78
50
72
-87
-14
-25
-80
-31
25
-55
-67
8
-73
3
-66
66
21
34
6
26
31
-4
-38
59
-100
-63
42
-23
50
-1
-66
73
-75
-97
29
-25
64
59
-16
-45
96
67
82
75
-87
-59
-94
11
4
-54
-53
18
100
67
36
53
-72
-10
67
-83
-89
-68
57
-54
12
9
-33
55
-61
-66
-89
64
-78
-54
11
92
94
-49
-20
-31
53
78
-4
-96
85
-5
1
-89
-80
-90
1
-49
-100
62
51
21
-32
-88
2
-33
-32
-58
61
-86
-29
22
86
2
61
83
-41
70
-34
-48
76
74
42
-75
-91
-68
-95
43
47
42
63
28
15
-63
-46
33
-12
10
-78
-74
-89
-25
-64
-35
-9
95
74
99
82
-13
24
94
16
-32
16
70
-26
85
81
26
23
-33
-23
18
-40
95
17
-26
13
-83
-82
20
-6
-100
34
-73
-37
0
-40
61
38
-89
32
45
-75
-47
-60
55
7
80
54
26
49
-48
43
-49
87
85
95
61
11
-13
62
-81
-76
-85
45
80
63
83
19
-10
-74
-57
96
-60
87
15
-63
-28
51
-1
-11
-54
55
65
84
52
-43
-15
88
33
-66
-51
94
-9
98
-5
-78
94
-10
44
-39
44
-94
-67
-37
81
-80
86
4
-29
3
-29
49
-88
-36
-37
22
-1
22
-4
-50
-2
100
59
94
-6
-91
-7
24
-37
-13
38
-90
-21
51
13
48
25
-33
-23
62
2
-43
-1
99
39
76
71
-68
10
-46
-97
-87
35
40
-95
42
29
-19
-77
41
76
-37
-35
6
96
-95
-17
48
-41
-19
86
90
75
65
-78
67
91
-94
-11
40
-32
-42
-6
53
-61
22
-85
-14
-35
69
100
-72
-99
31
-35
49
-66
-17
77
65
8
76
-28
-66
84
-19
-100
-57
31
-63
-77
-21
-6
-44
-100
41
-83
10
-76
-85
-58
-6
-27
-66
-87
-33
-13
2
29
72
58
57
18
73
-38
57
41
31
9
-47
-79
76
68
19
-25
12
100
-95
44
-92
52
-93
15
71
60
92
-88
60
-50
-43
94
36
70
-44
-80
-6
15
7
8
62
-86
22
-55
-59
89
-90
91
-73
-61
24
-2
-82
51
-84
-47
66
54
-92
-20
-52
11
57
36
-7
31
72
24
-46
-20
-82
75
-87
-27
78
-30
3
-46
68
10
-80
79
-83
-7
23
-98
16
81
-41
-66
74
69
28
-82
-20
94
54
-18
86
-87
64
32
73
-21
28
-70
-98
-57
-20
84
-48
39
-15
1
-28
-75
35
-95
-96
-49
66
87
86
-100
-33
78
-37
12
-45
60
-68
42
-35
-54
72
-4
-85
44
-52
-62
7
-1
-6
18
-4
-74
-32
32
6
26
-33
7
-82
19
96
78
-34
-62
68
5
-60
-83
72
-33
64
67
-18
47
0
-20
-79
-53
34
-33
37
42
-96
1
39
28
85
-27
-8
76
46
-7
87
-100
-12
12
-38
-49
-88
-93
76
-43
9
6
-53
99
90
18
-64
-67
-90
59
-85
-43
37
12
58
-33
18
44
89
82
33
56
34
-30
-24
88
-40
-19
-68
-1
-25
-7
10
-69
18
-67
73
-20
-55
-40
41
-15
-61
91
-85
-95
-92
72
-95
48
30
91
4
91
59
89
85
43
-16
49
-21
-60
85
73
-74
59
-52
-43
-36
35
74
75
49
-28
-97
92
-81
-72
-56
-89
-83
10
29
-23
-85
-68
-43
-90
0
-94
93
21
-44
49
-10
-16
-51
55
-29
45
-91
82
90
17
77
24
-100
-11
55
37
62
-62
-66
-82
54
68
-40
75
55
-27
92
94
55
84
-42
80
-58
-23
10
-32
-63
-36
-60
35
-88
-10
79
-68
-67
62
52
-11
-21
-84
-84
18
63
95
66
71
95
27
-46
-71
-63
60
52
-5
37
11
-16
80
-89
-19
53
-61
49
-78
27
-1
91
-48
36
33
-49
86
-32
57
75
74
-49
-24
-100
-30
-5
-75
-95
-53
81
-52
51
-75
40
-24
65
25
-26
-17
89
-75
-21
46
-83
91
33
-5
-93
-26
95
54
50
3
-23
-59
-13
38
84
-6
17
-70
-7
33
50
-51
-40
91
-70
100
-97
-89
10
-43
-96
-11
-79
-11
-72
-35
33
-50
-38
96
72
-72
-2
-67
63
9
-32
-41
31
91
71
-93
-65
-64
-99
97
-69
-26
67
-24
38
-27
-50
-27
-8
-3
95
-66
-36
79
96
28
-62
83
-78
83
94
50
-45
-97
-45
98
36
-96
-43
-61
26
-60
-28
33
23
-84
-8
-3
5
43
45
-78
-62
0
82
76
-53
58
-7
94
-7
88
-3
-44
-65
85
0
-73
80
-74
95
-56
74
90
12
-35
-75
87
75
44
-95
-78
-79
-47
-10
34
-65
-84
-38
-24
44
-6
83
31
9
38
-48
68
-18
-11
-87
71
34
-4
-31
-47
-30
-87
-38
-65
-25
-99
34
68
93
-63
-71
88
65
-26
-11
-65
98
63
99
7
95
-58
-62
70
-59
4
-21
-70
22
-12
12
66
15
54
-21
-72
-11
44
-90
-18
28
18
48
-12
65
-37
-29
-41
2
45
28
-86
-32
-55
98
-78
0
8
47
-74
-88
-31
-78
-38
-32
-12
-44
4
50
-9
-52
-62
2
-74
-14
24
13
-66
9
63
4
-52
52
-13
-84
-71
-40
-61
60
27
-27
-15
65
92
27
28
78
-64
16
-95
-95
-26
-52
53
18
-37
85
24
-60
-22
-53
-33
-69
-69
48
-25
-22
-35
82
-29
83
-75
51
-20
88
68
-88
-100
34
54
34
54
71
-16
50
46
-12
-5
-26
-29
-82
20
-31
-96
43
54
67
-8
-73
98
25
45
65
68
-45
-62
-23
-44
5
69
-78
42
-77
-73
74
69
67
-33
-61
-40
90
11
30
43
-74
41
-12
-83
64
-53
6
-42
-26
58
23
55
45
19
80
-28
62
9
-65
60
-77
13
98
62
98
11
73
-29
53
-80
7
-19
12
11
89
66
37
-28
88
-79
97
65
87
63
-40
-49
26
14
36
49
61
-48
-65
30
-100
57
-88
-44
-57
86
-37
82
95
-22
99
39
-41
-58
-71
0
-71
87
-46
5
41
30
-41
48
-61
99
98
39
57
57
-18
-47
41
-32
12
63
-56
52
-65
25
17
-54
11
77
96
-9
-76
57
-54
-51
-69
-4
52
35
-1
-14
91
9
47
-49
27
-66
80
-2
67
84
32
51
-10
-41
88
19
-83
-41
-99
10
-4
-29
-59
-3
-98
-49
75
-58
2
2
-52
16
86
77
-59
-68
52
-34
41
6
82
66
-5
-65
-46
85
66
-4
-45
83
88
-41
45
61
-37
-6
81
85
-39
54
-40
-77
-95
-59
0
-76
-67
84
98
-46
44
95
-89
-68
46
43
62
22
-37
14
13
-74
-48
-74
-41
-75
-59
99
95
15
12
30
82
-55
-45
15
83
-50
-80
97
55
-46
25
-39
-22
69
-20
-15
22
-70
-28
50
-49
-68
25
75
16
38
-8
-31
2
89
-40
-84
-89
-95
-100
81
54
-15
81
40
71
39
-45
-88
63
-95
-32
50
-55
94
-96
25
37
22
-2
-14
-77
69
5
75
-67
3
-100
67
-27
39
53
-63
-26
15
39
-78
70
92
-66
86
100
-27
24
38
-1
83
-23
36
61
-53
59
-31
92
-64
60
75
17
-1
90
-28
-33
92
21
41
56
87
47
-29
16
98
-48
100
-44
81
20
-72
2
-38
71
-27
31
-57
24
-85
-85
-18
62
1
95
52
-82
-70
-100
-29
-100
38
-57
84
99
1
-53
-7
-71
51
25
86
-53
-6
47
-8
-51
-23
-85
93
-62
-63
54
-45
71
-6
92
25
-28
-41
-85
19
30
38
-79
-92
99
-60
-5
10
-41
-5
-98
-77
79
24
51
31
-80
42
21
6
98
100
-45
-86
-14
-18
-21
100
65
69
65
4
35
-62
-54
-60
90
-37
7
57
46
-26
-71
-6
-20
99
60
-94
86
-15
12
72
-38
56
-33
-57
-32
0
67
25
-81
-91
-90
-63
95
-89
74
60
-93
76
-85
35
-33
69
26
-83
57
7
15
-89
73
48
-16
62
28
-90
71
29
-25
-53
76
-33
-49
15
-84
-10
78
79
48
-19
73
79
49
56
-27
-54
-35
-22
-73
-43
48
63
-91
-39
-19
0
-63
56
-63
-11
75
-59
-46
-80
95
-15
20
-84
-96
-62
91
83
-35
17
-78
-60
65
21
-8
18
-18
94
11
73
-7
-54
69
-63
-85
88
-59
-48
-64
36
30
-90
-18
1
24
17
81
-5
-96
67
32
-83
-68
-24
-49
-73
3
-33
-5
82
7
73
-99
-5
78
15
46
60
-20
81
97
-97
77
-38
-93
-40
-85
-34
-1
78
-17
55
-7
-76
-21
-55
52
37
81
-28
-31
-11
76
-56
17
-21
22
85
-61
-62
83
84
74
-6
-72
77
15
-95
-73
-14
25
97
35
-86
27
-18
31
82
-60
-49
33
-54
29
41
3
-84
65
95
43
84
83
18
69
-24
-75
96
26
-60
83
-32
45
-8
-49
41
88
-38
-73
-79
50
-29
-50
-34
70
-28
99
-68
37
87
33
-95
26
56
-69
-3
15
39
-12
14
-92
-76
55
-4
-84
67
77
43
-22
95
-30
-49
-71
-62
51
-97
-14
39
-100
-13
15
83
11
-42
-51
69
89
34
18
-11
44
94
-25
92
27
84
75
36
35
-26
-6
-67
33
-87
-62
50
-13
-33
86
25
13
-3
-87
29
100
-53
67
77
26
-44
71
-48
63
-6
26
-44
-16
51
-10
-18
-45
30
98
-76
-5
-65
77
94
-68
16
8
39
-100
-50
-46
-58
74
47
-3
-63
57
94
-94
-79
43
-23
-55
72
7
8
65
-94
41
46
40
32
81
38
4
-71
22
-67
44
28
52
-3
39
0
75
87
2
-51
70
38
25
17
49
-60
84
-39
-99
-96
14
-60
22
82
-69
5
-82
-31
42
86
-61
75
79
38
-63
-23
-79
-80
82
100
18
-62
-33
60
42
19
28
31
-53
-47
-89
-69
83
-44
-62
76
73
97
-27
17
52
15
94
-35
6
-43
50
60
49
-11
8
25
-23
-5
53
-14
65
75
-81
34
-100
-95
-24
29
25
90
-64
-32
59
7
21
87
-54
-68
87
71
-57
-65
30
-32
97
31
29
36
-49
100
41
-43
-43
41
-92
34
-13
-49
-13
-4
98
-30
-28
96
69
-23
-43
55
-99
-61
-38
45
74
-41
13
43
-60
38
74
-65
20
-94
-32
-50
30
-3
-92
-4
-73
53
-3
87
2
-97
53
15
59
54
34
37
32
-100
65
-100
86
-52
69
27
2
-87
-83
-5
79
22
-8
7
61
83
-92
-18
-100
-7
-71
79
62
83
-30
-70
10
-48
53
86
-61
-68
51
17
3
60
-8
71
-11
14
11
-62
14
-71
73
-12
-51
-48
-61
19
90
45
-52
14
-4
33
-30
67
-10
5
-42
80
-72
-41
-65
-33
-13
45
28
75
-97
52
78
-4
56
91
-58
-52
22
77
1
-42
-11
-32
-72
-6
-70
-54
-97
71
-16
-26
-11
17
-34
100
-40
17
100
-91
67
-17
56
50
0
-34
-22
6
-100
78
-83
13
-45
-85
74
-82
74
-6
-44
-80
-96
-26
-4
95
13
-29
-93
-60
-87
-25
-53
17
97
-66
40
-3
-94
-32
-50
-41
-90
-63
-25
-56
-97
91
32
68
-75
-81
27
-64
-79
-2
-36
-24
93
89
-30
-32
39
-88
66
-4
-1
-44
0
52
-45
7
-47
-57
35
57
39
-31
-23
44
46
91
65
-13
-28
-72
68
-99
-25
-86
-100
98
70
75
-16
77
43
62
-70
9
28
8
-88
-69
-61
-92
52
12
-52
-49
-17
-12
27
100
-65
53
-19
-32
-1
-10
-85
33
3
69
-15
-55
38
65
-98
-59
53
79
23
77
-86
-64
-29
-54
5
-48
-8
-12
-3
83
-76
-7
-35
-11
-11
68
0
-36
-99
-15
60
-74
-33
46
36
74
10
-86
80
2
100
-63
12
-86
-53
12
71
-66
91
-3
11
-46
26
100
23
-62
-24
-79
23
47
37
-6
88
-97
-77
21
79
-45
-20
100
92
-9
-2
-43
-23
82
73
81
3
-47
21
47
43
27
-25
-15
-58
29
-56
-2
-43
-38
-26
-27
-33
-58
-31
32
39
-28
28
-81
94
11
-16
20
78
38
-77
40
-72
39
74
65
6
-25
98
-5
8
-88
80
-67
40
16
36
62
-56
10
-73
-57
45
32
90
17
42
95
-71
63
-26
61
55
7
95
1
-87
-56
95
-80
-19
61
-45
-84
-59
-80
-36
86
89
97
11
-56
-6
-11
3
-37
-41
31
-28
-76
-62
-62
-57
14
48
-9
-54
-36
-38
93
58
12
100
63
97
-69
17
22
-18
76
-79
53
17
-30
-85
48
-51
51
-17
85
-37
57
70
-7
-57
98
58
-11
86
73
-63
-49
-13
12
56
-57
-48
74
25
-58
95
69
90
-97
98
-45
49
22
53
34
4
-6
61
95
20
95
-15
-37
94
-53
40
4
-69
55
57
70
-76
-42
-14
-37
-71
-74
86
-65
79
9
-93
-51
96
6
53
20
0
-37
17
-53
-30
39
-56
-50
17
-28
52
-61
48
28
22
-37
98
6
-47
97
55
-89
61
58
-8
57
-52
29
-57
83
-25
-32
-86
92
-90
-70
-77
100
-98
63
-15
-24
-28
82
92
40
12
-19
-3
15
22
-29
43
61
37
30
-74
-48
-23
-61
-5
34
59
11
-97
60
-100
-34
19
-86
12
65
-46
-93
-80
38
60
-86
-20
-10
-18
44
-91
37
-60
61
-73
10
-21
-81
-94
-84
65
-82
30
81
63
-93
28
96
-97
-2
19
37
-53
24
61
-55
-46
34
-97
-11
53
31
-49
-1
-14
9
-24
81
-71
-8
-41
-74
-84
-4
-1
-16
-86
-92
-29
-63
-56
68
-1
48
-9
-74
64
-92
84
-7
-90
94
-15
44
-5
-87
72
51
-85
-63
-52
-94
-24
-2
-99
-46
82
41
-6
5
45
-3
98
98
-66
69
-75
88
-73
-1
-85
32
-30
73
-26
60
-67
87
-29
21
-57
-12
94
36
-75
-86
-32
100
-4
48
-33
76
73
82
20
-60
5
58
-36
1
-49
-18
-84
30
71
-12
-11
-98
-90
85
-14
-71
22
12
46
89
4
51
59
-27
75
97
-94
-23
90
72
18
-77
-41
-72
84
-66
36
-47
-57
70
56
50
45
-87
-68
-34
-8
19
70
19
-48
-51
-86
-43
70
-66
-4
79
41
4
-79
1
39
-31
-74
68
-55
-25
5
71
-98
89
97
91
72
-50
71
15
-62
-69
69
-41
-46
3
-25
33
-92
-61
-49
-29
34
-9
34
-79
89
-51
-21
-98
-83
-21
54
92
61
-14
-12
-1
-85
3
-81
-10
-95
-65
-65
3
9
-93
48
-66
-40
-31
-29
35
77
-6
-77
-29
42
44
-93
79
-75
-18
71
-22
30
-19
-99
98
-26
6
-9
-74
-95
-45
-60
-52
75
38
-79
-37
93
-36
71
28
12
77
-62
91
-96
-23
-88
55
89
5
28
-80
-73
-20
20
-34
-52
13
88
-46
87
98
88
8
54
-16
80
32
-92
99
-69
24
-23
92
26
-89
9
-95
29
-40
7
-29
-55
-47
-57
3
38
76
-34
-77
17
-79
9
76
98
-16
-42
7
21
35
67
10
68
27
-53
88
13
-59
-68
47
-79
55
-36
58
76
-82
-40
41
31
87
-53
-6
86
-32
59
70
-97
-37
56
-24
-61
-50
-67
-60
-85
-43
-98
-57
-74
49
16
62
-33
-15
-34
-3
94
-53
-35
-55
70
-96
-43
-79
2
-55
-97
-71
-50
8
36
-31
62
-37
-14
-80
-94
7
-93
-94
-60
89
40
1
10
27
90
-68
-63
32
59
-48
80
-77
-95
77
-3
28
89
-45
-65
90
36
96
-63
76
96
75
18
-58
-80
20
-73
-76
-73
-13
-40
-50
-92
-68
4
-46
78
-44
74
-2
-49
23
5
94
-8
73
99
-6
83
-21
-33
35
71
-69
-84
-88
58
85
52
-53
88
54
69
-5
-88
-72
-3
-3
-39
88
95
-6
-71
-12
-88
33
96
-95
-90
-94
-24
-90
-78
26
76
-44
-86
46
-76
76
60
79
-46
-45
-93
-86
61
27
-97
48
11
-45
-96
40
-62
1
15
-9
27
-33
-21
-46
3
100
8
-9
-64
-97
-25
-43
-95
-86
-61
44
41
48
17
-58
16
-75
-51
-77
61
12
1
-31
30
-15
-12
-32
-99
-41
-9
-40
-49
84
-85
-20
-49
30
72
59
2
99
99
27
80
-100
-18
-79
83
-70
-79
-56
95
-100
70
2
-45
62
-45
-7
-83
-24
-84
57
55
38
94
59
67
95
50
78
-35
60
4
83
78
-17
-100
-5
15
-85
23
18
-48
-59
-27
-17
-42
37
-56
49
-65
23
-51
-76
49
29
18
16
6
78
36
25
91
-15
-94
28
-36
78
-58
99
-16
19
-42
52
89
-75
-90
-30
51
-66
-71
-26
-47
16
55
23
46
38
-100
-85
54
-2
-23
-24
-13
89
50
-54
-95
-80
-12
15
-98
-98
20
60
-88
-38
86
-53
-59
25
-61
6
71
98
-56
27
10
52
46
2
51
-39
73
76
33
94
57
85
-60
-68
-79
-11
42
56
45
-43
-67
98
25
-62
15
76
63
-31
47
-70
25
34
-83
48
