178638083
-910609139
-215911173
-295239402
-28169837
385694895
-443566964
743419200
510773970
-711169185
197808445
-33142613
396237201
747958941
31997272
739489198
486369302
646461311
-543665451
-242575779
594201113
-220624046
620528455
-270710521
-829492037
-922518639
353173067
-483722197
-977258153
501766295
-754219528
-543364496
402526277
660524068
-514266874
309340033
428193995
-633144133
-68895131
690596147
-270725604
-91902353
801364583
-135890819
492755436
371839288
-901947258
-683820604
-458339686
295630801
-748052310
204846231
-888175153
146066230
924694393
-174365991
-302195748
-991216101
-632407824
809422554
643808683
816396579
-956307460
268444877
359021022
-208495597
-559537129
-996578965
-472081190
289150624
744862073
-221792227
-104071675
196983939
903150584
-241678155
304791445
678554554
-644610861
7285535
-446928423
484640545
-871634818
-743552184
-98775035
419917592
-760952511
-271103389
-812754831
964083618
773649107
772233064
418418547
164285441
831111992
-335234026
-222151119
-758221589
-125419087
-29634255
-625201951
264926677
99025696
14554289
-589384735
-494385146
792881599
339566070
-788295216
972365375
310515736
422519267
821774362
-656234372
202753905
-259401494
-48623315
-759241566
936931761
-147541190
-943556672
382893539
-206615358
395011249
217356860
662791641
659108281
69166943
-810980514
-629792111
-125470685
-251235261
954503927
570374118
-734817610
-106196429
891163441
67493656
923967991
961939641
-302826861
-906486565
-635605629
-592698515
-438317904
-182924865
-61668635
-767730969
860596261
864386488
-654953095
-19460971
426752445
341647695
-226901983
597977244
-688541169
646259129
-365017052
-158386995
472672379
993713540
780288521
169131675
697839336
-502893376
-380311676
268842085
-944279496
-941108110
951001357
-842926856
-277269351
-766363348
-371375205
-469669749
836978621
-794772207
532129543
304273199
744750996
721907411
256830833
-909974479
355258962
-973248271
-856163471
-671678350
928829559
-884096304
206034442
-809860273
-415523188
-680023794
533974034
-608281061
-853839473
180268698
715863956
-882501006
-964761212
677243927
71264850
536280038
144847223
87435639
294820209
-199381225
-972719909
-81952150
164406024
-996598016
-859953878
672678945
-224871716
934853874
-910672320
-899757226
122808231
704353990
-707917281
-125361417
-826646308
703860053
404083451
188006120
-431798170
83373919
716267480
-722666250
-179874456
150383467
646947650
32360960
715725360
-360215233
637793963
-796382885
197403413
14885322
-531058751
-909152532
186158146
787325543
667493283
226404636
968546785
-278558560
-333617986
588479851
-692249299
24912980
643982904
327092132
225062690
339224863
620646865
520856650
505537131
939451051
-467504116
799910153
-94153108
189925289
571592132
-695621017
198349686
-85697129
402325827
-878344262
82112636
-803458842
-115199980
530639958
-384405070
602883827
-758890462
-921285852
-873547030
956090180
-565502903
-890648052
-401609323
-67435283
-573029235
-634072225
123146155
108814544
113859026
-345544614
123850145
822277663
588017172
646893396
-820365507
-845418682
954698156
915665298
818305935
627017345
164855914
-276647709
-743353306
-780022314
-433740523
-340346423
-524091351
-333495793
73737983
-162132681
732416710
158468222
530481004
438058073
-517638663
401304118
-356188045
-246920394
-605967616
-950470332
-994150476
55528672
-753267832
-344203625
-763546628
-704219686
-706344893
-529181094
441082864
-899174902
175475757
329662157
-636543346
-785145806
559098648
-984167248
19796299
-362799523
460226054
-739273606
322220029
21792719
11234319
-313011573
-71828565
848714237
414630692
-157142329
-261187786
546895050
769844096
306332749
447373283
-792908325
-196022978
458389487
-806013746
-217759873
631682305
-288164114
611882260
570430354
-785488513
161681310
-691294672
-397163182
-571934604
405403024
900231691
360041520
-350518045
102616227
532611056
-700078013
871924909
506065410
749482116
-251657722
786947953
-62651893
-220607657
183976435
-996298597
698806357
379523702
-661010069
612593829
-262186893
944991847
590824961
751882018
74378335
-960195988
722556755
32103907
-803814316
-183878773
-695384613
-30739707
-228318854
175802352
105318172
932997777
-481579092
818451189
-990015650
755771885
-694671166
401558972
567153592
40737505
962768232
-31548311
144676389
207355594
376035258
900515023
-729154543
557364923
306118277
62965759
655313520
-680923941
-820716755
183643492
990087799
895642692
-189283942
-443220673
737701767
938435707
140475743
101138720
-150653756
653575512
438448688
239479422
-835135379
-410197041
-928822859
31886979
-794702802
331774321
-781933883
-866971062
714979106
659283651
-497180458
-920443225
-771258914
158310399
563308357
61242932
642437105
801902495
52609884
-544497189
71756476
-487916206
152791572
158325676
-546652195
948022215
188538994
-499382439
-795154977
-953322479
-672207037
-745862323
-334688929
-263407822
-478007809
-707963788
216906920
57898790
61296342
-189527452
-712517590
-376281361
851387709
-798812682
204685857
-787961922
-487563429
-102219937
-926971173
-551994602
821648842
668974636
184462401
-950290309
-527281068
868652640
970952120
778271296
-444609962
-884999415
-737773642
-852454546
-861716443
-518665071
514101637
227505286
706916456
-763599963
785939931
666019356
-66452542
-225966691
342824099
469737313
265771560
717454698
-657551318
-427519930
111216654
190677321
-296377075
681654647
-364101135
-541949070
-996273875
-548629050
985939193
3664718
926778782
545004117
-569167066
-220955401
-626321044
-397222665
-28527165
-208123396
517821012
-133730401
668114834
513488138
454330998
653748196
-173295746
684575573
443781066
986610416
117585043
-104251550
390912364
986895310
-399072125
746422225
-518343412
-757168503
-213633400
901992010
-903286225
120489406
-86797385
-452673535
-629740996
-663196973
883170036
-213182505
-469791136
-359766861
-662510325
497452381
-703694603
-527112750
785242729
775800358
-631323167
49233350
-326648597
565584901
671261498
635563133
-333602515
990016840
-966617998
314689278
26178276
379355604
623315257
-464437416
807972725
-458122353
-576639801
-991846180
374999229
746552543
596871809
-396054180
-437408044
366140242
-420427181
-45699041
295601609
-604241418
-605616875
391238361
-154856967
-33235883
422601723
-548284432
121449188
691331110
-717658947
104848474
-263227385
707723252
679834013
963959304
-700509176
62917459
-790198722
957947233
-58386787
-582651429
-95297025
-760590342
961981758
-66234096
963031155
-442625776
-22049759
-846254869
-868485846
-232184927
-918707262
611093563
-994926007
-548418901
804700103
158110014
-593839816
845536980
-536465051
-659589819
82230795
767154601
546813280
585880909
689943407
839934567
350123326
-903626277
441309358
-957403148
-272342198
-172167250
-289264136
22505770
230294574
-675940082
-437187833
242272257
788161092
-858608707
-92877915
818970099
-226407048
867796068
-837228071
-424689829
-23636927
-753276087
-967852443
-868673727
-165808302
459593325
542434996
153655578
952304780
684183212
564729632
240160579
782040878
-243270760
441386472
818575589
-605404574
-400330618
-840748451
93584938
948975148
831158693
-225740987
-234814367
536442803
-897686267
439764940
420416994
527743224
254681203
-742364343
-735096490
224881422
326096193
364888632
80815869
560289356
694216760
141799972
520116625
479104763
-580378805
-607551280
-942919
-388376128
366648501
-374098678
780249963
-916978327
733128441
-845197685
-633740730
-620812234
74728356
-90587753
331742250
-133738138
679663960
494707984
817164873
-324094385
922719724
-64757892
-386754199
-193426299
512736340
-431102698
-291030326
-879522445
-390033568
-971986713
-858272061
-469846766
611671607
759911847
-315064259
589322137
-172947094
673776402
358110619
-551822671
592033863
-629264149
-720730337
625794740
376307184
935748102
296485083
-870503953
-850980229
951514756
-445491348
852365898
-197757930
-433431633
154885713
-376968863
744270087
-115147993
88533402
-71506268
-66296796
569908582
-768390035
120437524
-533889393
721828608
768776803
142766747
198965959
-740986691
210867129
-489386160
143118948
-780689043
633848709
-396637444
545069661
392873608
-613847079
637012385
757496021
819573345
-981855038
-595200527
37728374
-345477620
-750590244
-160842855
-911241068
-235064156
-860183370
158204324
-63326367
583454997
-583863004
-301641846
-826035000
380353407
-218708591
328653050
-340604508
-526679931
-378491531
713276808
-866759053
737124465
461381234
-626057580
-625813566
515940915
-72903981
-542169020
-947124912
876212446
517283773
768797206
-265167478
-459172009
488258534
-284613666
-917071006
-877032065
72852004
798809528
-835304033
52820750
337757571
287412057
-467381879
-688184604
859137021
137642043
-965194831
-542775602
664297338
-78359504
735310657
611572698
-372006910
-821832676
208943330
-576216039
-746370584
264286606
-295308644
-236038337
-150125452
133993855
768961105
856562143
153225015
-445662972
951297194
-242357347
91884127
-8787869
808275823
-428538912
471123755
964582957
424692794
590663924
-659013071
312896228
577020854
130355592
185493981
587011433
215056754
-567088784
-713502458
594799240
196844574
-23319623
7754218
-659405642
983854984
919807804
-616122899
535509921
-617052209
558080159
-93383145
-317958791
-831103440
937989999
577965241
651670237
-870829121
-76210243
286730396
-175349313
-85995018
-352765477
664615231
-155221693
790205248
-463110977
379234120
-46444893
982207263
834690919
352515907
-415512012
-803102189
475428416
978774550
892606819
242095091
373944891
311713782
772736920
-160672581
-486267456
624491612
337620605
-532968745
-463370610
-136231542
872486099
634111687
-404874198
-831509519
239032441
-859744469
234944882
97368376
-769922582
-809355511
65068402
-858074003
366627429
-97995137
-441693379
865691843
-570215490
-674414307
-859783688
-697963055
-370949166
124698386
-733425343
92334798
-408955228
230613931
-561741986
369245778
-497270338
-636243685
677101192
-391767691
-972379678
-821873909
875893695
-238336476
-665898414
-357863375
-592546432
730739302
-813368860
151151649
-504287501
-100729486
506207702
928288019
-604954859
103856186
-908754566
-829370270
-655726650
-293934643
-530999342
720328582
-306307889
675934955
25363486
546886
-44529681
-543537742
-495648983
-178779687
-185122372
-588246309
-997848725
-502912733
-562621112
-988650389
-404950740
-524645760
-604859353
-875744158
666831323
-517043670
204979695
-312017959
-692349639
